P2: 1359.40979 0. 917.3976 0. 0. 1523.71069 546.10493 0. 0. 0. 1. 0.
R0_rect: 1. 0. 0. 0. 1. 0. 0. 0. 1.
Tr_velo_to_cam: -3.6113295780354937e-02 -9.9835227648545777e-01 4.4593294385862348e-02 0.07 -2.5949489152197913e-02 -4.3670556292665141e-02 -9.9870891981889720e-01 -0.25 9.9901073762028203e-01 -3.7223843828824987e-02 -2.4329643852442184e-02 -0.4