P2:  1359.40979 0. 917.3976 0. 0. 1523.71069 546.10493 0. 0. 0. 1. 0.
R0_rect:  1. 0. 0. 0. 1. 0. 0. 0. 1.
Tr_velo_to_cam: -0.0361133 -0.99835228 0.04459329 0.05 -0.02594949 -0.04367056 -0.99870892 -0.013 0.99901074 -0.03722384 -0.02432964 -0.075