P2:  1359.40979 0. 917.3976 0. 0. 1523.71069 546.10493 0. 0. 0. 1. 0.
R0_rect:  1. 0. 0. 0. 1. 0. 0. 0. 1.
Tr_velo_to_cam: 0.0 0.0 0.0 0.05 0.0 0.0 0.0 0.013 0.0 0.0 0.0 0.075